Training time: 824.2833023071289 seconds
Final Test Accuracy: 0.9169833382052032
Epoch,Train Loss,Val Accuracy,Test Accuracy
1,1.7760,0.5742,0.5671
2,1.6493,0.6484,0.6536
3,1.6167,0.6589,0.6589
4,1.6019,0.6624,0.6659
5,1.5947,0.6507,0.6530
6,1.5844,0.7004,0.6963
7,1.5673,0.7190,0.7138
8,1.5607,0.7202,0.7129
9,1.5575,0.7021,0.7056
10,1.5632,0.7161,0.7112
11,1.5548,0.7202,0.7159
12,1.5497,0.7114,0.7191
13,1.5476,0.7231,0.7179
14,1.5518,0.7044,0.7071
15,1.5440,0.7249,0.7243
16,1.5388,0.7079,0.7039
17,1.5414,0.7120,0.7106
18,1.5374,0.7161,0.7150
19,1.5337,0.7255,0.7235
20,1.5317,0.7272,0.7276
21,1.5324,0.7109,0.7165
22,1.5282,0.7231,0.7279
23,1.5267,0.7196,0.7284
24,1.5020,0.7629,0.7740
25,1.4715,0.7798,0.7822
26,1.4696,0.7845,0.7869
27,1.4644,0.7850,0.7852
28,1.4650,0.7850,0.7887
29,1.4604,0.7786,0.7805
30,1.4603,0.7833,0.7898
31,1.4577,0.7827,0.7852
32,1.4566,0.7886,0.7933
33,1.4543,0.7710,0.7688
34,1.4526,0.7897,0.7904
35,1.4541,0.7909,0.7957
36,1.4502,0.7856,0.7930
37,1.4521,0.7827,0.7828
38,1.4308,0.8575,0.8530
39,1.3825,0.8657,0.8688
40,1.3775,0.8475,0.8582
41,1.3722,0.8645,0.8685
42,1.3674,0.8768,0.8840
43,1.3456,0.9147,0.9059
44,1.3328,0.9118,0.9117
45,1.3223,0.9106,0.9103
46,1.3212,0.9276,0.9182
47,1.3171,0.9217,0.9173
48,1.3106,0.9246,0.9161
49,1.3065,0.9293,0.9217
50,1.3039,0.9334,0.9269
51,1.3050,0.9282,0.9255
52,1.3038,0.9246,0.9234
53,1.3035,0.9299,0.9255
54,1.2997,0.9194,0.9146
55,1.2976,0.9305,0.9202
56,1.3025,0.9276,0.9196
57,1.2973,0.9305,0.9301
58,1.2958,0.9322,0.9319
59,1.2971,0.9305,0.9269
60,1.2941,0.9270,0.9222
61,1.2953,0.9393,0.9307
62,1.2973,0.9287,0.9190
63,1.2970,0.9340,0.9313
64,1.2969,0.9305,0.9222
65,1.2947,0.9165,0.9097
66,1.2998,0.9352,0.9228
67,1.2891,0.9369,0.9240
68,1.2933,0.9340,0.9222
69,1.2965,0.9252,0.9258
70,1.2937,0.9357,0.9334
71,1.2932,0.9352,0.9319
72,1.2983,0.9223,0.9184
73,1.2948,0.9393,0.9301
74,1.2910,0.9346,0.9304
75,1.2915,0.9235,0.9336
76,1.2915,0.9393,0.9313
77,1.2932,0.9381,0.9342
78,1.2887,0.9468,0.9331
79,1.2897,0.9311,0.9258
80,1.2938,0.9328,0.9313
81,1.2880,0.9346,0.9284
82,1.2880,0.9322,0.9243
83,1.2972,0.9334,0.9228
84,1.2926,0.9352,0.9281
85,1.2942,0.9270,0.9290
86,1.2915,0.9369,0.9345
87,1.2899,0.9381,0.9354
88,1.2859,0.9375,0.9336
89,1.2864,0.9258,0.9208
90,1.2903,0.9375,0.9304
91,1.2874,0.9334,0.9249
92,1.2942,0.9398,0.9290
93,1.2883,0.9328,0.9278
94,1.2938,0.9299,0.9313
95,1.2902,0.9206,0.9170
96,1.2909,0.9357,0.9322
97,1.2894,0.9282,0.9293
98,1.2889,0.9328,0.9240
99,1.2875,0.9311,0.9225
100,1.2868,0.9299,0.9220
101,1.2891,0.9328,0.9260
102,1.2860,0.9375,0.9339
103,1.2862,0.9422,0.9272
104,1.2862,0.9369,0.9334
105,1.2885,0.9322,0.9217
106,1.2939,0.9130,0.9132
107,1.2936,0.9141,0.9068
108,1.2940,0.9194,0.9173
109,1.2904,0.9188,0.9149
110,1.2948,0.9112,0.9117
111,1.2961,0.9311,0.9272
112,1.2888,0.9293,0.9220
113,1.2858,0.9317,0.9316
114,1.2866,0.9293,0.9190
115,1.2914,0.9363,0.9275
116,1.2854,0.9334,0.9260
117,1.2835,0.9258,0.9246
118,1.2855,0.9463,0.9389
119,1.2858,0.9369,0.9287
120,1.2854,0.9352,0.9287
121,1.2858,0.9287,0.9252
122,1.2848,0.9317,0.9258
123,1.2916,0.9171,0.9220
124,1.2934,0.9217,0.9199
125,1.2916,0.9375,0.9275
126,1.2904,0.9264,0.9258
127,1.2917,0.9334,0.9316
128,1.2895,0.9252,0.9225
129,1.2887,0.9264,0.9205
130,1.2873,0.9287,0.9231
131,1.2851,0.9357,0.9331
132,1.2839,0.9282,0.9278
133,1.2858,0.9311,0.9298
134,1.2871,0.9317,0.9252
135,1.2877,0.9322,0.9281
136,1.2857,0.9311,0.9269
137,1.2934,0.9311,0.9234
138,1.2888,0.9299,0.9278
139,1.2909,0.9328,0.9231
140,1.2889,0.9328,0.9307
141,1.2955,0.9013,0.9065
142,1.2905,0.9276,0.9284
143,1.2920,0.9311,0.9310
144,1.2901,0.9357,0.9263
145,1.2865,0.9322,0.9313
146,1.2839,0.9159,0.9222
147,1.2928,0.9305,0.9176
148,1.2914,0.9200,0.9184
149,1.2858,0.9282,0.9325
150,1.2872,0.9416,0.9310
151,1.2834,0.9282,0.9319
152,1.2906,0.9217,0.9260
153,1.2951,0.9141,0.9144
154,1.2864,0.9246,0.9272
155,1.2885,0.9211,0.9272
156,1.2878,0.9100,0.9217
157,1.2996,0.9194,0.9240
158,1.2931,0.9235,0.9202
159,1.2898,0.9311,0.9275
160,1.2880,0.9206,0.9222
161,1.2933,0.9258,0.9220
162,1.2895,0.9381,0.9293
163,1.2924,0.9188,0.9141
164,1.2895,0.9334,0.9331
165,1.2879,0.9334,0.9278
166,1.2876,0.9328,0.9287
167,1.2956,0.9311,0.9313
168,1.2991,0.9036,0.9082
169,1.2970,0.9147,0.9106
170,1.2926,0.9258,0.9336
171,1.2966,0.9293,0.9179
172,1.2931,0.9194,0.9214
173,1.2870,0.9211,0.9246
174,1.2859,0.9287,0.9304
175,1.2835,0.9363,0.9342
176,1.2893,0.9042,0.9035
177,1.2921,0.9375,0.9263
178,1.2856,0.9299,0.9269
179,1.2935,0.8972,0.8889
180,1.2946,0.9252,0.9211
181,1.2913,0.9176,0.9088
182,1.2933,0.9317,0.9269
183,1.2907,0.9182,0.9170
184,1.2886,0.9246,0.9199
185,1.2918,0.9299,0.9272
186,1.2857,0.9393,0.9293
187,1.2909,0.9322,0.9325
188,1.2884,0.9375,0.9301
189,1.2990,0.9030,0.8930
190,1.2980,0.9246,0.9211
191,1.2890,0.9095,0.9106
192,1.3040,0.9036,0.8971
193,1.3026,0.9206,0.9164
194,1.3006,0.9246,0.9199
195,1.2985,0.9276,0.9176
196,1.2904,0.9258,0.9208
197,1.2939,0.9235,0.9240
198,1.2888,0.9264,0.9208
199,1.2881,0.9264,0.9281
200,1.2943,0.9124,0.9170
